beautiful: [-6.43391013e-01 -3.91212292e-02 -2.56652152e-03  4.38977871e-03
 -4.08864498e-01 -7.76346803e-01 -4.45930213e-01  8.88923854e-02
 -1.34683037e-02 -4.98852521e-01 -3.17335516e-01  1.77809685e-01
  8.92660692e-02 -3.32995147e-01 -1.34864032e+00 -1.91531920e+00
 -8.92589167e-02 -5.24225347e-02 -9.06536430e-02 -2.06562066e+00
 -2.09013298e-01  3.76499146e-02 -2.85745591e-01  2.64188439e-01
 -2.16831818e-01 -1.32268623e-01 -1.17201293e+00 -1.07703611e-01
 -2.28738468e-02 -3.72457296e-01 -2.26544291e-01  5.70307791e-01
  4.39855419e-02 -5.23391515e-02  3.74977112e-01  6.86722338e-01
 -3.70293856e-02 -1.12259485e-01 -7.31970221e-02 -1.02126110e+00
 -6.14420846e-02 -1.17640361e-01 -2.40003671e-02  1.54529349e-03
 -3.27548951e-01  3.17180276e-01 -4.17642266e-01 -8.57338548e-01
  9.44633409e-02 -7.68456608e-02 -2.02085048e-01 -1.47598520e-01
 -1.71307519e-01 -4.44320180e-02 -7.17823952e-02 -1.12103570e+00
 -8.71150374e-01 -4.59370941e-01 -6.08142853e-01 -9.33777541e-02
 -3.63292783e-01 -6.57517537e-02 -4.12117913e-02  3.49178225e-01
 -2.71860063e-02 -1.59240738e-01 -7.43438661e-01 -6.84633702e-02
 -2.89139986e-01 -5.73984444e-01 -1.72905713e-01 -6.04236387e-02
  2.49511898e-02 -2.09232807e+00 -1.25789285e-01 -8.75112534e+00
 -3.50792566e-03  2.61497688e+00  1.72428861e-01 -1.35117859e-01
 -1.09909140e-02 -1.20810099e-01 -4.12204355e-01  3.27577852e-02
 -8.67453039e-01 -7.93621957e-01 -6.36947602e-02 -2.73756266e-01
 -2.44619742e-01  1.08981226e-03 -6.12755790e-02 -8.44795704e-01
 -1.27812731e+00  2.05206260e-01 -4.49878931e-01  1.00860879e-01
 -1.16171211e-01 -1.19449250e-01 -2.67308801e-01 -4.94992465e-01
 -1.60394460e-01 -1.05661608e-01 -1.60358429e-01 -1.32346943e-01
  4.39727604e-01  5.94056427e-01 -3.64628267e+00 -1.03069767e-01
 -6.20038845e-02 -4.62734289e-02  4.37774546e-02 -1.86276272e-01
  6.38704821e-02 -9.11430717e-02 -6.50703162e-02 -7.79861584e-02
 -8.70657638e-02  3.22440974e-02 -8.90007317e-02 -3.52414846e-01
 -2.22472763e+00  6.57640323e-02 -3.74742359e-01 -4.12904054e-01
  8.89254212e-02 -2.47435904e+00 -1.23497404e-01 -3.87953490e-01]
boy: [ 2.96064932e-02 -6.20397180e-02  5.51046170e-02 -5.49980998e-03
 -1.34458259e-01  5.39950617e-02  1.67201906e-01  4.09642607e-02
  1.28505632e-01 -9.78902206e-02 -2.44836867e-01 -8.46922696e-02
  1.89421624e-02  2.67576426e-01  6.43510073e-02 -4.76500392e-03
 -7.01951385e-02 -1.06454283e-01  1.22486338e-01  1.88316748e-01
 -9.93779972e-02 -5.58111444e-02 -2.95935087e-02 -7.74092555e-01
  1.94479227e-02  3.86986360e-02 -5.12561426e-02 -1.20972112e-01
 -5.95157072e-02  4.77283895e-02  1.49382606e-01 -6.28850386e-02
  1.80088267e-01  1.65251866e-02  1.37702167e-01  4.62197326e-03
 -1.35505468e-01  3.21105681e-02  1.27953719e-02 -1.40610695e-01
 -3.27626616e-02 -9.85421762e-02 -9.24369246e-02 -1.20851984e-02
  9.73712802e-02  8.90430883e-02  9.78287589e-03  9.87343490e-02
  2.10815147e-02  1.12109296e-01  1.04574934e-01 -1.52985156e-02
  2.35109016e-01  1.07673794e-01  7.98220709e-02 -1.64853424e-01
  1.11045428e-01  3.60859297e-02 -1.84612438e-01 -3.37121114e-02
 -1.66433915e-01 -1.09171465e-01 -2.16319365e-03  1.14880547e-01
 -7.25788698e-02 -5.84148109e-01  5.20588309e-02 -1.96222746e+00
  8.55575651e-02 -6.84045404e-02  6.80327341e-02  7.24720210e-02
  1.06916554e-01  4.03141737e-01 -2.29324475e-02 -1.15979455e-01
  5.77957481e-02 -1.10048866e+00 -1.06985226e-01 -1.22805215e-01
  1.57622412e-01 -6.42479137e-02 -1.33121431e-01 -1.73269138e-02
 -7.22420588e-02 -1.59019589e-01 -2.57273316e-01  1.10217363e-01
 -1.40196890e-01 -6.01163059e-02 -1.92906857e-02 -9.71677303e-02
  4.87138122e-01 -4.21802811e-02 -1.10526808e-01 -9.47258621e-02
 -6.99419379e-02 -7.36119747e-02 -4.56617549e-02  1.10967830e-01
  1.63636416e-01  3.05032656e-02 -1.19410053e-01 -1.26686171e-01
  4.57901031e-01 -4.42387342e-01  4.29782271e-03  9.57402959e-03
 -1.32824242e-01 -4.86195162e-02  1.36124268e-01 -7.00870335e-01
  5.80124296e-02 -4.91791256e-02 -3.06559075e-02 -1.11039385e-01
  2.90688634e-01 -1.32911116e-01 -6.30960464e-02 -6.88735917e-02
 -5.58625877e-01  1.26644924e-01 -6.34419546e-02 -4.89689559e-02
 -7.61718005e-02 -1.13919318e-01 -4.18841839e-04  6.13092296e-02]
can: [-0.18726169 -0.08607093 -0.19541253  0.04762429 -0.15957798 -0.18686837
 -0.20807436 -0.01203044 -0.03828338 -0.4585358  -0.21156283 -1.2065256
  0.0404847  -0.11298794 -0.13005401 -0.0562852  -0.08996372 -0.02295819
 -0.12717578 -0.9468029  -0.2622951  -0.03730332 -0.11259535  0.07462696
 -0.37966463  0.04416525 -0.04396109  0.00767921 -0.24175286  0.02441567
 -0.11340805  0.22642718 -0.14128794  0.07211892 -1.0490882   0.1066791
  0.19604473  0.06389358 -0.28437233  0.07302816 -0.03035206 -0.3098181
 -0.04746718  0.11469164 -0.20752719  0.12503879 -0.09207476 -0.19832411
 -0.02271384 -0.13899757 -0.25612086 -0.08386016 -0.61772037  0.28001922
 -0.03656358  0.01099918 -0.13084589  0.08301337 -0.22509871 -0.12859094
 -0.11693608  0.00510336 -0.10841829 -0.27453065 -0.08190245 -0.61794966
 -0.03897425 -0.25809297 -0.06543699 -0.03480246 -0.13322383 -0.07984932
 -0.13373895  0.22409037 -0.06080603 -0.24076177  0.09576061 -0.6298888
 -0.30621773 -0.01333419 -0.250143   -0.01644052 -0.09621846 -0.07803072
 -0.08432353 -0.24080151 -0.16922574 -0.40551943 -0.8990686  -0.06782618
  0.02523476  0.17254847 -0.6210163  -0.14217637  0.07014324  0.04496551
 -0.01862575  0.02385433 -0.5451418  -0.6063947   0.00434469  0.05253874
  0.02486023 -0.02228308 -0.06408225  0.34119716 -0.42335317 -0.10797968
  0.01346708  0.03302623 -0.2407196  -0.0114199  -0.08796441 -0.29130772
 -0.21280093  0.06949116 -0.2251257  -0.03442101 -0.0650207  -0.00478428
 -0.0453619   0.15328693 -0.07217643 -0.17625958 -0.11242452  0.16697118
 -0.01276777 -0.10461496]
children: [-0.12688078  0.06422184 -0.1103311   0.10038091  0.08537234 -0.03927106
 -0.19930567  0.01262771  0.31618652 -0.11375575 -0.20629987 -0.06252531
  0.08130438  0.32362115 -0.02418677 -0.11832932  0.03308382 -0.08019107
 -0.21584876 -0.1150849   0.12480763  0.00349721  0.03057568  0.15315312
 -0.10251586 -0.13894431 -0.0820803   0.04847548 -0.14336556  0.05762182
  0.07388137  0.07829234  0.02147739 -0.01504171 -0.04685086  0.18333837
 -0.08068535  0.0939313  -0.08647023  0.12734586 -0.02859265 -0.02400796
 -0.12204083 -0.12054414 -0.07448643 -0.03386141  0.07340522 -0.09065121
 -0.0059683  -0.11086895  0.12270207 -0.10811773 -0.00720535 -0.06316286
 -0.12707245 -0.06303914 -0.00213797  0.06599219  0.39208323 -0.06415528
 -0.16439983  0.1964189   0.07864329  0.0604367  -0.03874025  0.03920329
  0.0428447  -0.09760274 -0.09880657 -0.08419738 -0.07135518  0.07923168
  0.10420527 -0.05515528  0.11684407 -0.08532908 -0.1261275  -0.0508649
 -0.07234754  0.03392869 -0.04549975  0.04146869 -0.1363725  -0.02840193
 -0.11807703  0.12229872 -0.20780094  0.06757534  0.00487828 -0.07711926
  0.05906627 -0.23912644  0.0496824   0.79567754  0.7027656   0.24856359
 -0.05283785 -0.08153412 -0.01648144 -0.0290562  -0.04611722  0.09517499
 -0.15523472  0.03824026 -0.08941819 -0.06492706 -0.06488182 -0.06771328
 -0.09453279  0.040342   -0.06151351 -0.14138618  0.02767023 -0.21166885
 -0.03802136  0.00501186  0.12414132  0.0583649   0.01430179 -0.11698344
  0.08390325  0.02722581 -0.120929    0.04477819  0.22712752 -0.07781329
  0.04487713 -0.04026205]
daughter: [ 2.09938977e-02 -3.31181586e-02 -1.15516707e-01  7.09072575e-02
 -7.83795416e-02  1.13693774e-01 -1.99016899e-01 -2.87390482e-02
 -7.20067695e-02  2.78223213e-02 -1.33594245e-01  8.02393407e-02
 -7.90884867e-02 -3.39070186e-02  2.13600248e-02 -7.42141426e-01
  2.90087014e-02  7.13357106e-02  1.30219951e-01 -1.23272203e-01
  6.60562664e-02  1.40928663e-03 -4.40527350e-02 -1.25562906e-01
 -5.28740995e-02 -9.34297740e-02  6.41311854e-02  2.38180272e-02
  1.09606996e-01  6.95868134e-02 -1.97021980e-02  2.56171320e-02
  7.83748552e-02 -1.22989245e-01 -1.23580255e-01  6.03893995e-02
 -1.15825757e-01  1.76202357e-02  2.64630914e-02 -1.07795194e-01
 -5.87946251e-02  1.45247951e-01 -8.42164010e-02 -6.38339370e-02
  3.67739946e-02 -8.54179785e-02 -2.60306448e-02 -1.10884622e-01
  9.84958112e-02  4.72146012e-02  3.35322320e-03  2.58787954e-03
  7.93561488e-02 -1.17182344e-01 -1.23208195e-01 -3.46103191e-01
 -1.38972461e-01 -1.01579368e-01 -4.78113800e-01  2.68804580e-02
 -4.64296974e-02 -1.17375962e-01 -1.28266513e-02 -1.37307227e-01
 -1.27514645e-01  1.55062880e-02 -1.04044192e-01 -1.21546037e-01
 -1.28683478e-01  2.97112931e-02 -9.00205746e-02  1.34860799e-01
  3.39459191e-04 -2.85179857e-02 -6.86370209e-02  9.59306359e-02
  1.44121751e-01  2.26495683e-01  9.32793841e-02  8.76859576e-02
  8.41121376e-03  6.68934807e-02 -6.29373640e-02 -7.75694847e-02
 -7.11071417e-02  9.52606052e-02  2.35516548e-01  5.56468070e-02
  1.10567719e-01  4.23864573e-02  1.11716628e-01  9.77924913e-02
 -1.46444634e-01 -9.14982706e-02 -1.39354184e-01 -9.91735980e-02
  2.96359509e-02 -3.62592116e-02 -3.13150212e-02  6.17827177e-02
 -1.02439180e-01  3.61020453e-02 -1.06359571e-01 -9.63880420e-02
  3.34112253e-03  1.35134876e-01  1.55638009e-02 -2.97602080e-02
  1.02470564e-02 -2.27859872e-03 -1.00692943e-01  2.98340973e-02
 -1.51011452e-01  1.97766289e-01  1.05245419e-01 -4.35162783e-02
 -6.44901991e-02  1.27348304e-01  7.28969574e-02  7.89924711e-02
  4.08550411e-01 -8.82319883e-02 -1.28790796e-01 -1.79076251e-02
 -1.15617486e-02  3.84817198e-02  1.26979709e-01 -2.68647093e-02]
family: [-6.88892230e-02  4.46872413e-03  4.35562804e-02 -1.49380252e-01
  8.38990062e-02 -2.24581286e-02 -1.56708729e+00 -5.47932573e-02
 -1.11076012e-01  1.85572639e-01  1.28869534e-01 -1.43127292e-02
  9.41614062e-02  5.78341037e-02 -3.90011370e-02  4.12303597e-01
 -4.81784493e-02 -1.32532688e-02  2.09836904e-02 -1.78949703e-02
 -1.04647771e-01 -1.07199684e-01  4.61354777e-02 -7.07002208e-02
  4.04164009e-02  4.29049321e-02  2.57415175e-01 -2.40420297e-01
 -1.38317913e-01  2.99647301e-01  3.45788002e-02  5.66281425e-03
  1.05718181e-01 -1.07144982e-01  7.20518380e-02 -8.92301127e-02
 -3.42630595e-02 -1.14517741e-01 -1.07306622e-01 -7.11979344e-04
 -5.57860658e-02 -2.92307530e-02 -4.13150191e-02  1.16968185e-01
  4.18655872e-02 -1.33088678e-01 -1.27656370e-01  1.21697851e-01
 -6.15728907e-02 -1.62396133e-02  1.27374917e-01 -5.72677702e-02
  3.93553302e-02 -1.26626432e-01 -1.36314422e-01 -3.91613133e-02
 -1.07257374e-01 -3.41944516e-01 -9.94620621e-02  6.04234543e-03
 -2.56018862e-02  7.11977482e-02 -1.05684720e-01  9.43005234e-02
 -9.76987779e-02  7.53631741e-02  6.72137439e-02  9.56684351e-03
  2.59898100e-02 -1.94170997e-02 -1.02097243e-01 -1.05697680e-02
 -1.23477668e-01 -7.66478553e-02  4.41784449e-02  1.24087006e-01
  6.49977848e-02 -3.32741022e-01 -7.31054395e-02 -1.14019066e-02
  1.58324763e-01  1.14036441e-01  6.80632770e-01  1.13373697e-02
  1.74212709e-01  1.46036895e-04  1.19881473e-01 -1.35212407e-01
 -5.96268922e-02 -1.34728625e-01  2.79932767e-02  6.72811642e-02
  3.43288295e-02  1.15168370e-01  3.26310396e-02 -1.87231302e-01
 -2.89767623e-01  9.49399248e-02 -6.91281259e-03  7.93633342e-04
 -9.76131633e-02  1.56271264e-01  1.13502979e-01 -7.97198713e-02
 -2.66420022e-02  1.18332937e-01 -3.96585204e-02  1.28449321e-01
 -4.52318899e-02  6.87132254e-02 -2.81306028e-01  4.43509996e-01
  1.32726699e-01  2.07917407e-01 -5.78035824e-02 -1.33118361e-01
  1.33541897e-01 -2.05317140e-02 -6.92218542e-04  3.55516337e-02
  5.04807830e-01 -5.74536622e-02 -9.97968689e-02 -1.34768456e-01
  8.78910124e-02 -8.59561265e-02  1.24114007e-02 -1.23993903e-01]
future: [ 5.28899916e-02 -1.16213031e-01  1.14466310e-01  2.56887041e-02
 -9.40905064e-02 -8.23786184e-02 -2.28551224e-01  9.52152982e-02
 -4.99082357e-02  9.44097340e-02 -6.70198947e-02  1.17684782e-01
 -7.87577629e-02 -1.11568525e-01  1.19565845e-01 -7.18115330e-01
 -8.03639144e-02 -2.40175463e-02  1.13320060e-01  1.06769085e-01
 -1.40094861e-01 -1.56154297e-03 -6.90352991e-02  9.77594927e-02
 -8.15062448e-02  1.36443928e-01 -4.95442785e-02 -1.39963940e-01
  8.41633379e-02  1.03799798e-01 -1.05405087e-02 -9.31925699e-02
  9.35912207e-02 -9.85607058e-02 -1.69530079e-01  1.12318642e-01
 -1.17935047e-01 -2.04240680e-02 -9.10184309e-02 -6.88941404e-02
  9.71028581e-02  1.80002868e-01 -2.45442912e-02 -1.27764553e-01
  9.65587795e-03  2.70880759e-03  5.20392507e-02 -1.47397757e-01
 -1.97883397e-02 -6.90933317e-02 -4.44413945e-02 -1.20635763e-01
 -1.49398520e-05  1.17567241e-01  5.81578128e-02 -4.73219573e-01
  5.22108823e-02 -9.06646028e-02 -4.16432351e-01 -1.12868667e-01
  1.37429191e-02  1.30059063e-01  1.14735216e-01  1.65566355e-02
 -7.50776306e-02  1.01262815e-01  2.04316080e-02 -3.55742946e-02
  4.55742255e-02 -4.93774340e-02  1.30651712e-01  9.01587680e-02
 -4.96059917e-02  1.64088577e-01 -1.67234197e-01 -7.93038160e-02
  1.81953505e-01  2.86036164e-01 -2.19778419e-02  1.30840153e-01
  1.10326074e-01  4.33069244e-02 -1.53845698e-01  8.20604861e-02
  1.72466841e-02  6.66689426e-02  2.66140252e-01 -1.05209082e-01
 -1.34074494e-01 -3.73582542e-02 -3.63362953e-02 -5.24842069e-02
 -9.69142690e-02  3.91767174e-02 -1.21804245e-01 -9.52238664e-02
 -1.40286937e-01  2.42426246e-02  2.77868658e-02  1.98495686e-02
  5.54957017e-02 -1.45131350e-03 -8.33559632e-02  5.28037176e-02
  9.59101170e-02  1.71175718e-01 -1.25696704e-01  1.33260041e-01
  1.08316518e-01 -3.82877737e-02 -4.08338606e-02 -6.40981495e-02
  1.01730190e-01  3.42874527e-01 -9.78674218e-02  3.84979993e-02
 -1.34416550e-01 -8.78947228e-02 -1.66842435e-02  1.83536232e-01
  4.01074439e-01  6.70107529e-02 -3.33993405e-01 -1.73125342e-02
 -5.81052750e-02  2.29639150e-02 -2.68509388e-02 -8.46951827e-02]
king: [-0.06378746  0.07703909 -0.14555337  0.10663965  0.05580872 -0.04391339
 -0.16767769 -0.17098147 -0.09136258 -0.3793321   0.16552883 -1.2431879
  0.04341773 -0.25584397 -0.16355519 -0.1545248  -0.11403713 -0.03460613
 -0.19792917 -1.2695138   0.01639278 -0.09163138  0.01643186  0.5615681
  0.4900016  -0.13502024 -0.3361936  -0.10164235 -0.43003607 -0.0843737
  0.09732666  0.01026867  0.07344973  0.00774263 -1.1124436  -0.20396274
  0.5689917  -1.2094104  -0.16029917 -0.24140164 -0.07398771 -0.19779463
 -0.17400424 -0.12396432 -0.3384845  -0.06931173 -0.02410091 -0.62429965
 -0.27235794 -0.09954561 -0.32731852  0.07528217 -0.53050864 -0.21330447
 -0.12105436 -0.07964602 -0.71059465  0.0712163  -0.34962583 -0.10448981
 -0.15704939 -0.12960252 -1.2141855  -0.24152969 -0.07911789 -1.9604877
 -0.02016734  0.00612921 -0.09021679 -0.6390498  -0.03379519  0.05766185
 -0.02142096 -1.0196149  -0.02866483 -0.84201074  0.09882939 -1.0854945
 -0.2269046  -0.1933008  -0.43741477 -0.00951908 -0.02335304 -0.12442271
 -0.1284895  -0.21776575 -0.24654089 -0.34680364 -1.4950036   0.00731051
 -0.00859429 -0.04034972 -0.57610637 -0.15323736 -0.00280964 -0.31468245
 -0.17435351 -0.02590331 -0.88951933 -1.9895014   0.03922444  0.1110188
 -0.25944626 -0.11479701  0.05979916  0.12384685 -0.4106038   0.00766985
  0.01703647 -0.06933036 -0.12339349 -0.33069372 -0.12599705  0.0844378
  0.01296792 -0.07110064  0.49736813  0.05118586  0.07386036 -0.2104354
  0.1203017   0.4395834  -0.02238977 -0.16165179 -0.20840612  0.24878883
 -0.09051112 -0.05455655]
man: [-1.42241985e-01 -2.68448383e-01 -2.26749387e-02 -2.35367734e-02
 -5.18316552e-02  5.82884774e-02  2.04701023e-03  4.53404710e-02
 -1.76141649e-01 -2.20530078e-01 -1.10600002e-01 -2.24784136e-01
  1.15275599e-01 -9.86750185e-01 -5.20453930e-01 -1.71189219e-01
 -1.01385817e-01  2.69135777e-02  6.25430467e-03 -3.65200310e+01
 -1.60026059e-01  5.79590630e-03 -2.07524598e-01 -2.55806029e-01
 -2.65067846e-01 -6.99813385e-03 -3.14538747e-01 -1.38853297e-01
 -3.12214673e-01  7.98927248e-03 -5.57030439e-01 -3.83485961e+00
 -1.03708595e-01  8.07730928e-02  7.50226006e-02 -1.27709985e-01
  2.22903654e-01 -9.51155603e-01 -4.24689174e-01 -2.37543777e-01
  7.47664496e-02 -8.06697309e-02  7.36455768e-02  3.57824215e-03
  5.83747961e-02 -1.74757731e+00 -4.02397737e-02 -9.27753210e-01
 -6.09379113e-01 -2.89281402e-02 -1.22002766e-01  4.28553112e-02
 -8.61424804e-02 -3.62120181e-01  2.68400926e-02 -1.82192653e-01
 -9.83322382e-01 -4.15303335e-02 -2.47974682e+00 -1.28469980e+00
 -2.47162417e-01  5.06211109e-02 -1.74090698e-01 -5.07038176e-01
 -1.52686512e+00 -1.64578974e-01  9.98283848e-02  7.76901394e-02
 -4.44058567e-01  2.01867633e-02  4.13716175e-02 -3.67628336e-02
  6.95609972e-02 -1.55632526e-01 -5.95359951e-02  2.18502462e-01
 -1.69749096e-01  8.03086948e+00  5.27244760e-03 -9.68967751e-02
 -7.83952177e-02 -1.10331401e-01 -1.32257611e-01 -1.29899994e-01
 -4.33841944e-02  4.86793928e-02 -1.14844151e-01 -5.68944542e-03
 -3.14225388e+00 -7.62988627e-02  7.87674487e-02 -5.30939341e-01
 -1.25621587e-01 -1.06176722e+00  7.41547644e-02  8.54464155e-03
 -1.90722674e-01  1.02437466e-01 -1.07008070e-01  1.96270680e+00
  1.60270780e-02 -3.51741165e-01  1.78809226e-01 -1.37255415e-01
  5.68361804e-02  3.44611138e-01  1.42143622e-01 -1.66842863e-02
 -4.02436882e-01  1.23512812e-01 -9.61873010e-02 -5.98444510e+00
 -1.61841348e-01  1.33668240e-02  5.83505966e-02 -6.96990937e-02
 -1.21001375e+00 -4.68896851e-02  6.22508004e-02  1.12988830e-01
  6.94725960e-02 -7.36695454e-02 -8.27721208e-02 -4.83193398e-02
  4.21180785e-01 -1.00829327e+00 -1.64789502e-02 -1.57154188e-01]
now: [-5.94556145e-03 -1.42798916e-01  1.07416183e-01  5.81714511e-02
  1.52569503e-01 -1.36883196e-03 -7.50299990e-02  3.95084172e-02
 -8.34305733e-02 -1.40183985e-01  1.07419997e-01 -1.05623215e-01
 -2.29092196e-01  5.70606887e-02 -1.28588110e-01  1.14890337e-01
 -9.28790718e-02 -1.00615136e-01  1.97916523e-01 -1.18802972e-01
 -3.86484638e-02  1.78999737e-01 -5.76639362e-02 -1.65429473e-01
  5.14113856e-03  1.08407825e-01  9.17082950e-02  2.51192838e-01
  9.32467505e-02 -1.09868184e-01  2.62532771e-01 -1.05413869e-01
 -6.05767891e-02 -2.51948982e-02  9.76535399e-03  5.18684238e-02
 -1.50565118e-01  9.42311212e-02 -5.07030524e-02  6.53345138e-02
 -1.70360431e-02 -3.78757007e-02 -1.03327960e-01 -1.14100777e-01
  1.69441804e-01 -6.76465034e-02 -1.39456168e-01 -2.02620551e-01
 -1.33856460e-01  6.47365749e-02 -4.53886911e-02  4.50730845e-02
  1.65382415e-01  3.22758369e-02  3.93095426e-02 -8.54740292e-02
 -3.64945903e-02 -2.55821347e-01 -4.78635430e-02  2.22474337e-05
 -1.20298617e-01 -2.45388225e-01 -1.23455398e-01 -3.07547599e-02
 -5.96241951e-02  2.87619270e-02 -3.34024280e-02  1.09029233e-01
  1.28573984e-01  1.89127639e-01 -1.96626782e-02 -6.20190948e-02
  1.84700415e-01  7.80910999e-02 -2.97147613e-02  6.46033958e-02
  7.26934522e-02 -5.12437582e-01  1.12779714e-01  2.21477281e-02
 -2.40813360e-01  6.28978759e-02 -1.07234873e-01 -1.02954641e-01
  5.25989294e-01  7.19648749e-02 -1.22979075e-01  2.49714851e-02
 -2.05967128e-01 -3.18245888e-02 -2.31610760e-02  1.77219898e-01
  1.10207319e-01 -1.63802907e-01  8.03738981e-02 -6.52518794e-02
  3.67555767e-02 -1.11023046e-01 -2.97088418e-02 -8.60442501e-03
 -1.40767038e-01  1.45336566e-02 -2.39670932e-01 -1.19130068e-01
  3.03979404e-02  1.69657677e-01  3.34175080e-02 -1.11821361e-01
  7.40780383e-02  2.88950354e-02  1.28994025e-02 -3.98490392e-02
  1.87145501e-01 -1.00560516e-01 -9.61119086e-02  5.14256209e-02
 -1.17154777e-01  8.39358270e-02 -4.98194396e-02  1.16356641e-01
 -8.61857533e-02  5.31768017e-02 -9.19671133e-02 -3.68800238e-02
 -4.00359742e-02 -8.84008259e-02 -1.17763160e-02 -8.58480036e-02]
only: [-9.31718275e-02 -1.73485279e-01 -4.50538732e-02 -4.96380478e-02
  1.51776576e+00  3.75089556e-01 -8.84091035e-02 -2.46292636e-01
 -5.38086891e-02 -2.28785530e-01  7.64282107e-01 -4.88901883e-02
 -8.95078778e-02  1.75868317e-01  1.08057328e-01 -1.77758491e+00
 -1.27882138e-01 -1.40039086e-01 -6.59540370e-02 -4.07884002e-01
 -2.80273836e-02 -3.79717261e-01 -1.30039349e-01 -2.16484383e-01
 -3.77057254e-01 -5.95601052e-02  2.35447869e-01 -1.65966719e-01
  2.19737753e-01 -1.69263017e+00 -5.08597076e-01 -9.04533863e-02
 -1.37274966e-01 -1.72251798e-02 -1.26935199e-01 -1.29034147e-01
 -1.81048632e-01  1.19509354e-01 -9.00592804e-02  4.80923131e-02
  4.23620194e-02 -1.58948023e-02 -1.27164230e-01 -9.71454158e-02
  4.89264131e-01  2.95692813e-02 -1.23039298e-01 -1.53641760e-01
  7.95090348e-02  1.01463802e-01 -8.31251293e-02  4.36975844e-02
  1.85531124e-01 -1.37630686e-01 -1.32271841e-01 -1.59333110e-01
 -8.96435603e-02  3.33809434e-03 -6.77928105e-02 -2.91718006e-01
  1.94512352e-01  6.59471974e-02 -3.00395459e-01 -2.73151025e-02
  5.33814691e-02  1.99832276e-01  4.76838946e-02 -1.23788439e-01
 -4.64918762e-01  4.07618172e-02 -3.84758264e-02  5.81118315e-02
 -1.47911906e-03 -1.89836904e-01 -5.66805229e-02 -1.29619628e-01
  9.69809890e-02  3.77279687e+00 -3.73794228e-01  7.34466761e-02
 -5.73702306e-02 -2.74156713e+00  5.06703481e-02  2.01264191e-02
 -5.80889285e-01 -2.13792634e+00  2.72773718e-03 -6.82763532e-02
 -9.62062925e-02 -5.27821407e-02  1.63081139e-02 -1.99179664e-01
  2.67657846e-01 -1.81122005e-01 -1.14345662e-01 -1.32370681e-01
  1.78053807e-02 -1.35690600e-01 -2.73632556e-02 -1.50791571e-01
  1.13882693e-02 -1.14911929e-01 -1.00464690e+00  8.31852406e-02
  1.76000167e-02  8.20943043e-02  6.70115501e-02 -8.84006843e-02
  6.15196340e-02  7.00942576e-02  4.52651568e-02 -2.47324631e-02
 -4.56466153e-02 -1.47835597e-01 -6.00111298e-02 -1.79067880e-01
  1.11605346e-01 -1.28869250e-01 -1.57453194e-01 -2.78860726e-03
  1.99941084e-01 -3.88641149e-01 -1.31728578e+00  4.23766494e-01
 -3.02046277e-02  7.13670999e-02 -6.15917630e-02 -7.94245675e-02]
prince: [-1.24597318e-01 -9.67484489e-02 -1.35178238e-01 -1.27113506e-01
 -1.32898688e-01 -9.63775441e-02  4.93987091e-02 -3.97007540e-02
  8.32810253e-02  2.01597810e-04  1.37646928e-01 -9.16954577e-02
  6.73969239e-02  1.19104534e-02 -4.29561809e-02 -4.48082313e-02
  3.68274152e-02  5.26259840e-03 -1.40116483e-01 -4.82685491e-02
 -4.97880913e-02 -8.13789964e-02 -9.79648978e-02  2.76795864e-01
 -2.83122193e-02 -2.06778258e-01  2.89262980e-02 -1.29335538e-01
  5.33746816e-02  1.40015319e-01  1.22581840e-01 -8.31389502e-02
 -1.13710269e-01 -1.16652280e-01 -1.33770064e-01  1.35228792e-02
 -6.14565983e-02  2.80643374e-01 -1.01573475e-01  3.90940197e-02
  2.09109783e-02 -1.35379508e-01 -1.13062255e-01 -1.26505688e-01
  6.79081678e-02  2.39689648e-03  5.81364334e-02  5.99011719e-01
 -1.06628008e-01  1.01262137e-01 -1.13633923e-01  7.59393275e-02
  1.09309843e-02  1.00620046e-01 -5.76192290e-02  1.55773848e-01
 -6.63220584e-02  6.97848871e-02  1.74072385e-01  3.00668776e-02
 -1.51149347e-01 -2.46081222e-02 -1.24284804e-01  1.94797367e-02
  7.99966753e-02  9.35238898e-02  5.49282469e-02 -6.20925352e-02
 -3.57546844e-02 -2.24806629e-02 -5.57440668e-02 -8.31979066e-02
 -5.81739470e-03 -1.75653487e-01 -4.15698737e-02  2.07014084e-02
  4.38450724e-02  1.23582013e-01 -3.95543218e-01 -1.16980374e-01
  4.11589295e-02  2.47642547e-02 -1.14135683e-01 -6.59394264e-03
 -9.05043334e-02 -8.12379718e-02 -8.69658515e-02  4.57711853e-02
  9.39212292e-02  8.12485814e-02  7.61351660e-02 -6.59136325e-02
  5.43304812e-03 -5.50606251e-02  2.99224287e-01  9.30590332e-02
  1.27919406e-01  1.06615558e-01 -4.24076766e-02 -1.14046887e-01
  4.64171767e-02 -8.69016349e-02 -1.83522161e-02  1.01837859e-01
  1.30355909e-01  6.96229264e-02 -2.40456183e-02 -1.25965804e-01
 -7.17813298e-02 -1.59781471e-01  2.93746926e-02 -1.24035664e-01
  1.52573332e-01 -7.94430822e-02 -7.97783956e-02  5.80901951e-02
 -1.17628127e-01 -1.49061143e-01 -9.98334885e-02 -7.36308619e-02
 -4.70694155e-02  2.95303930e-02 -3.51595342e-01 -8.25877115e-02
  4.68142211e-01 -1.22746311e-01 -1.26958698e-01  1.38644055e-01]
princess: [-1.50667176e-01  1.74925067e-02  1.52278915e-01 -1.48710366e-02
 -5.89063726e-02  7.89313614e-02 -1.58873782e-01  9.48165655e-02
 -3.47465537e-02 -4.18468714e-02  1.16357535e-01  1.57258287e-02
 -8.40598792e-02 -7.23549575e-02 -4.70820479e-02 -7.72362947e-02
  1.05518356e-01 -8.66094604e-02 -5.89936301e-02 -2.78515267e+00
  3.37560862e-01  1.72420796e-02 -1.17601097e-01  1.91111878e-01
  7.68737681e-03 -1.30780816e-01 -1.92270381e-03 -1.77729964e-01
 -8.14833026e-03 -1.16941735e-01 -2.24003904e-02 -2.74966300e-01
 -1.49109095e-01 -5.90885878e-02  3.29379737e-02 -8.76931623e-02
 -4.27145362e-02 -9.75020230e-02  1.70552537e-01  6.06655069e-02
 -1.05026737e-01 -8.53682309e-02 -8.45674276e-02  8.13153982e-02
  8.65143090e-02 -2.60336902e-02 -1.06785141e-01 -1.30595878e-01
  7.67778233e-02 -4.84416522e-02 -2.08287896e-03  1.59376159e-01
 -1.30186826e-01  5.59967048e-02 -1.61921337e-01 -2.21397709e-02
 -9.79019254e-02 -5.38662933e-02 -2.32826725e-01 -1.29834786e-01
  1.98863685e-01 -9.37663466e-02 -7.28468448e-02  5.54418750e-02
 -1.29672647e-01 -4.36831474e-01  9.50507000e-02  1.42822593e-01
 -1.21768475e-01  3.06600258e-02  8.46263673e-03  6.68553934e-02
 -3.37199867e-03 -2.66685151e-02 -6.33418709e-02  9.74993259e-02
 -1.22666568e-01 -1.85899764e-01 -1.22257948e-01  3.66571248e-02
 -1.25690609e-01  1.19878054e-01 -1.09310493e-01 -3.45393419e-02
 -8.41361061e-02  1.08891301e-01  3.50812823e-03 -5.33455610e-03
 -8.38591158e-02  5.67660481e-02 -1.12860650e-02 -2.37224534e-01
 -8.13438520e-02 -1.55952215e-01 -1.72350273e-01 -1.43381879e-01
 -1.93424933e-02  6.41900301e-03  2.42883228e-02  3.93042620e-03
  9.58029777e-02 -2.39202127e-01 -1.06292315e-01 -1.35218680e-01
 -9.47161689e-02 -1.71344891e-01 -1.10542126e-01 -6.45473227e-02
 -1.31407291e-01  9.12525579e-02  4.05980915e-01 -1.87340334e-01
  5.81831150e-02  1.21879624e-02 -5.14432564e-02 -1.02632031e-01
 -7.90090859e-03 -1.89373955e-01 -9.97415930e-02 -1.48643121e-01
  1.16919942e-01 -5.95121458e-02 -5.91181040e-01 -7.80447870e-02
 -3.83668356e-02 -7.56545141e-02  6.53918386e-02  2.95735896e-01]
queen: [-3.22312638e-02 -2.48050451e-01 -2.16286480e-02 -1.38572291e-01
 -4.64996286e-02  4.66309674e-02  4.54016685e-01 -1.20259576e-01
 -1.38979703e-01  9.85898450e-02 -7.78487325e-02  1.45952269e-01
 -5.40204197e-02  1.70688983e-02 -1.03955500e-01  1.24497235e+00
  4.41097189e-03 -3.54681984e-02 -6.04525693e-02 -3.25602829e-01
 -8.07980150e-02 -7.82719478e-02 -1.01431385e-01 -9.09233764e-02
 -9.32692587e-02  2.69264281e-02  1.10112406e-01  7.05703795e-01
 -1.17990859e-01 -2.52156377e+00  7.01458231e-02  1.07511848e-01
 -1.39869928e-01 -1.06180951e-01  7.58199543e-02 -7.57126510e-02
  8.68697613e-02 -1.22493245e-02 -1.35215059e-01  4.68815044e-02
  4.82832454e-02 -8.60194676e-03 -5.17064035e-02  2.12323852e-02
 -8.79972801e-02  2.44885869e-02  3.74896377e-02  4.79408018e-02
 -1.07394427e-01 -1.16674028e-01 -9.00282562e-02  5.38076572e-02
 -1.69720009e-01 -5.88971823e-02 -5.17954901e-02 -6.84918612e-02
  8.55671912e-02  2.92415857e-01  8.02058727e-02 -2.40067169e-01
 -1.17364228e-01 -1.14895962e-01 -1.27669960e-01 -1.12319045e-01
 -1.06335478e-02  2.22178534e-01 -4.59461212e-02 -1.24903396e-01
  2.94946618e-02  1.69224620e-01 -2.47786567e-02 -1.32152751e-01
  2.65756063e-02 -6.47755861e-02  6.02798238e-02 -2.96695773e-02
  9.60066393e-02  1.80894065e+00 -2.84460690e-02  7.69378021e-02
  2.69212127e-01 -1.55381083e+00  1.83375406e+00  9.04537439e-02
  1.04889169e-01 -3.86794917e-02  3.18158090e-01  5.81604093e-02
 -2.91552320e-02  3.71648483e-02 -6.28004298e-02  6.40776381e-02
  5.27114468e-03 -1.67819142e-01 -4.82267797e-01 -3.11779287e-02
 -3.14123034e-02  1.81279480e-02  6.76920712e-02  7.57717863e-02
 -3.71015780e-02  1.75633267e-01  2.93626096e-02 -2.80339513e-02
  3.17082480e-02 -1.89929374e-03 -4.99344803e-02 -1.16580799e-01
 -5.17846532e-02  2.72435397e-01 -9.18053649e-03 -7.49899969e-02
 -4.55639698e-02  2.94957972e+00 -9.93272513e-02  7.38539919e-02
 -7.80785754e-02  1.34242877e-01 -1.03293806e-01  4.04931277e-01
 -8.12843535e-03 -6.36852458e-02  7.63956249e-01  2.41992958e-02
  2.02467561e-01  4.34602750e-03  1.13437697e-01 -1.27454430e-01]
realm: [ 7.34605342e-02  1.24324620e-01  1.08488396e-01  6.01991415e-02
  2.39823461e-02 -3.77335548e-02  2.24214092e-01 -1.17768154e-01
  9.21601616e-03  2.98524406e-02 -6.39274791e-02 -3.07018086e-02
  7.58672953e-02  2.39164278e-01  6.96083158e-02 -9.18488204e-02
 -1.06867105e-01 -1.94609836e-02 -1.26997501e-01  8.20896253e-02
  8.88977125e-02  1.83977485e-02  9.63486731e-03 -5.51903069e-01
 -3.80469374e-02 -6.22049496e-02  4.19649482e-02 -2.21892536e-01
  1.03048094e-01 -5.65004945e-02  9.27341208e-02  1.82592601e-01
  2.16699854e-01  4.46074679e-02 -8.38509351e-02  3.37970629e-02
 -1.03259474e-01  7.49196038e-02  1.22601785e-01 -1.01971492e-01
  1.35169357e-01  5.53238541e-02  9.62764770e-02 -2.11553369e-02
 -3.21681239e-02  1.09957345e-01  1.68772787e-01  1.53822079e-01
 -8.47760066e-02 -5.64116463e-02 -1.30527690e-01  5.08104414e-02
  9.80077311e-03 -5.97000793e-02 -5.88127375e-02  6.51906803e-02
  5.02681695e-02 -1.96254268e-01 -4.83526550e-02  2.18037460e-02
 -5.19528426e-02 -4.26651463e-02 -4.60492112e-02  1.72514748e-02
 -6.43271133e-02 -6.55201316e-01 -1.15691572e-02 -2.14391446e+00
 -2.66378392e-02 -1.17264301e-01 -1.90484747e-02 -6.16177246e-02
  2.72695944e-02  2.85592914e-01  1.16838515e-03 -5.41746616e-02
  1.43737644e-02 -1.30093038e+00 -2.57063508e-02  7.43581504e-02
 -6.06208891e-02 -1.28370807e-01 -1.22170359e-01  1.33951962e-01
 -6.56778812e-02 -2.87912879e-02 -2.17783339e-02 -1.06439129e-01
 -1.30722150e-01  5.26985377e-02  7.14580864e-02  1.22408807e-01
  4.09178972e-01 -2.61160374e-01 -5.39538413e-02  8.11122060e-02
  8.46436545e-02  7.82564282e-03 -6.91963062e-02 -9.40910876e-02
  8.86443928e-02  6.14867918e-02 -9.75251794e-02  2.96434909e-02
  3.49427938e-01 -4.50437099e-01 -1.03918537e-01 -2.20112596e-02
 -1.08610466e-01 -8.37123245e-02  1.90885097e-01 -8.95605505e-01
  1.01291358e-01 -1.07795343e-01 -3.00060753e-02 -2.23445520e-01
  1.85242623e-01  2.71274745e-02  2.30088234e-02 -2.66998038e-02
 -5.15070260e-01 -3.23252007e-02  8.82616937e-02 -2.28207633e-02
 -4.30209488e-02 -1.67090341e-01 -1.21684425e-01 -8.98060054e-02]
royal: [-7.48516247e-03  2.34853290e-02  1.14251345e-01  7.52263591e-02
  5.34382276e-03 -1.18010655e-01  1.92645773e-01  3.36123742e-02
  2.38976795e-02  1.08352676e-01  8.83284509e-02 -6.69153640e-04
  4.13592905e-02  2.46460494e-02  6.69993684e-02 -1.89482942e-02
  4.98871654e-02  4.04380225e-02  2.76590772e-02 -1.04766332e-01
  1.84221081e-02  4.74490970e-02 -1.18880361e-01 -5.74027300e-01
 -1.24042578e-01  9.34241414e-02  2.80454248e-01  1.52667575e-02
  7.75444657e-02  4.86050248e-02  1.40449688e-01 -7.49016088e-03
  9.10775363e-02  8.21705908e-02 -1.20490845e-02  2.43253022e-01
  4.57211584e-02 -3.51367667e-02 -6.73948824e-02 -1.22502431e-01
  3.19907069e-02  3.30525823e-02 -1.18758775e-01 -2.30714008e-02
 -1.35382349e-02 -1.04254335e-02  6.32691979e-02 -2.95408398e-01
  1.17353655e-01 -7.54789039e-02  3.76422377e-03 -3.23954225e-03
 -6.34508431e-02  7.34949782e-02  3.06328740e-02  8.42664897e-01
 -9.58591104e-02 -1.58442274e-01 -1.68933094e-01 -1.70964673e-02
 -6.56169802e-02 -1.00687772e-01 -3.56916748e-02  1.75057221e-02
  5.07909656e-02  3.57611589e-02  1.26983240e-01 -1.08356521e-01
 -4.31636795e-02  8.13122839e-02 -2.84942687e-02  1.10664420e-01
 -1.17884085e-01 -4.61584777e-02 -1.10839486e-01 -5.12714647e-02
  1.36960819e-01  1.62688151e-01 -1.58116534e-01  8.23595598e-02
 -2.06815451e-02  4.33378369e-01 -1.85910657e-01  2.74603013e-02
  1.14588276e-01  3.33375126e-01  3.04159224e-01 -2.72658840e-02
 -4.26243469e-02  7.65743852e-02  1.26139820e-03  1.07084298e+00
  3.57197635e-02 -2.92634871e-02 -1.34263858e-01 -1.69830069e-01
  6.77499771e-02  1.20435804e-02 -7.95340687e-02 -1.99865010e-02
 -1.00782394e-01  4.02424373e-02  1.52788490e-01 -9.88246202e-02
 -1.33523196e-01  3.87950167e-02 -1.03810109e-01  1.10802213e-02
 -7.28744864e-02  1.03224874e-01  1.62677914e-02 -1.19257234e-01
 -5.13716601e-02  1.43909186e-01  4.77281719e-01 -9.54556465e-02
  2.05371976e-02  2.31766272e-02  4.87759635e-02 -1.60384700e-01
 -3.45337987e-01 -2.27519125e-02  6.76617101e-02 -1.03278100e-01
 -3.83287460e-01 -9.41519439e-03 -5.27849374e-03  1.30831018e-01]
rule: [ 1.17907472e-01 -8.47345404e-03  2.51682669e-01  1.36669278e-01
 -1.11009814e-01  1.26442686e-03  2.30932072e-01 -4.68986668e-02
 -3.07231210e-02 -1.37061670e-01 -1.31633803e-01 -3.42821866e-01
 -1.04764782e-01 -9.00979805e+00 -1.14684129e+00 -1.52275646e+00
 -5.75059168e-02 -7.41772503e-02 -1.20060652e-01 -2.12523863e-01
 -5.00274040e-02 -1.61271080e-01  1.11750054e+00  2.71007836e-01
  3.87362503e-02 -8.53424892e-02  1.16566741e+00 -6.36331290e-02
  4.02438380e-02  5.69751076e-02 -1.34928718e-01 -4.45207715e-01
 -1.04240112e-01 -1.61237270e-02 -1.45875916e-01 -1.01592638e-01
  1.84555382e-01 -1.11451000e-02  2.61841148e-01 -1.10000759e-01
 -1.28240764e-01 -1.03503156e+00  8.89559314e-02  1.17875628e-01
 -2.04548910e-01 -8.94865859e-03 -1.03492580e-01 -1.30967379e+00
 -1.42540445e-03  1.74910888e-01 -8.95886421e-02 -1.21656649e-01
 -9.43417549e-02 -6.84704632e-03  4.98724775e-03  2.91946709e-01
 -1.40606672e-01 -1.01063415e-01 -1.79305509e-01 -1.25239104e-01
 -3.33871096e-01  1.13671444e-01 -6.96823895e-02 -9.77934897e-03
 -1.31089836e-01 -5.34969628e-01  1.58951730e-01 -4.06075940e-02
 -3.56757008e-02  5.78524433e-02 -1.16699167e-01  6.84801266e-02
 -8.23596213e-03 -6.01365089e-01  8.22632611e-02 -6.39984244e-03
 -4.79963049e-02  4.93296862e+00 -9.48127583e-02  5.80149181e-02
 -1.57468930e-01  4.38913792e-01 -4.11364436e-01 -8.52766335e-02
 -2.43491217e-01  4.71644670e-01 -8.41170430e-01  1.92525219e-02
 -7.67679363e-02  1.67606771e-03 -8.05660933e-02  1.91090393e+00
 -2.65747815e-01 -6.86306417e-01 -6.70428753e-01 -2.27373257e-01
  7.95909390e-02 -6.12813234e-02 -1.32403091e-01  1.60466099e+00
  4.19565551e-02 -5.94864011e-01  2.87652742e-02  4.00471017e-02
  7.61713162e-02  1.24139406e-01  1.46987841e-01 -1.71575576e-01
  1.24094538e-01 -1.34866029e-01  8.15208375e-01 -2.76640505e-01
 -7.69733787e-02  4.62246686e-01  7.76475146e-02  5.39806411e-02
 -3.86645287e-01 -1.13625780e-01  3.95911187e-02 -1.65567565e+00
  8.84362683e-02  6.73096534e-03 -4.37843725e-02  5.18886521e-02
 -6.70127988e-01 -1.37415290e-01 -3.15155718e-04 -6.49988651e-01]
son: [ 0.02715034  0.11139188 -0.04975899  0.01548322 -0.1055132   0.00578154
  0.08965246  0.09280687 -0.13655207 -0.11679955 -0.1099067  -0.10317297
 -0.01574779 -0.09595038 -0.1370679  -0.02546173 -0.10976751  0.01408751
  0.01978995 -0.14884509  0.00284994  0.03009492  0.46982834  0.06871386
 -0.09216703  0.00528158 -0.03048924 -0.12658015  0.06001982  0.04522224
 -0.03610139  0.02335807 -0.18680736 -0.04661619  0.04322862 -0.09399261
 -0.02760907 -0.07150154 -0.13778217 -0.14975837  0.13362323 -0.16259602
  0.09570465 -0.13911085  0.05594628 -0.03201719 -0.08563257 -0.28724158
  0.14367287  0.11930127 -0.03846624 -0.05953925 -0.14195961 -0.06815384
  0.43025205  0.5142304   0.1639321  -0.01871257 -0.07322461  0.06385171
  0.21030198  0.03081128 -0.02508065  0.09444162  0.01485661 -0.41982213
 -0.09658141 -0.0442745   0.25470757  0.17318192 -0.10015966 -0.10989144
 -0.10815671  0.20865875  0.02844805  0.0243407   0.10696146  0.13079304
 -0.0966714  -0.13968813  0.08569314  0.3153008  -0.15394507 -0.05197081
 -0.10040171  0.23386821 -0.13990474 -0.00172181 -0.07472456  0.00089446
  0.06662289  0.5537007  -0.02621535 -0.12729946 -0.08949912 -0.12811631
  0.14420292  0.05647269 -0.01819262  0.10812277  0.08632851  0.05168926
  0.03665317 -0.10676572 -0.10532895  0.01173977 -0.1523791   0.01222058
 -0.0875886   0.09924108 -0.43807274  0.04099081 -0.13168032 -0.320404
  0.38204646 -0.12877187  0.1334639  -0.04717673 -0.01630176 -0.4165091
 -0.42814893 -0.10316593 -0.1385958  -0.01685878 -0.19583885 -0.0450689
 -0.01243231 -0.02616394]
strong: [-1.05828390e-01 -1.12458944e-01  8.26691557e-03 -1.09901384e-01
 -1.10592358e-01 -2.42581889e-01 -2.29246505e-02 -1.16813704e-01
  2.13658810e-02 -1.11726098e-01 -4.43058461e-01 -3.79898511e-02
 -1.27216250e-01 -4.74800050e-01  8.28252733e-03  3.15428600e-02
  6.50745630e-03 -1.37563497e-02 -9.93111134e-02 -1.28748745e-01
 -3.03940717e-02  3.36746037e-01  2.54040539e-01  2.48070911e-01
  2.68680714e-02 -4.15180624e-02 -5.32177016e-02 -3.91602516e-02
 -1.17971323e-01 -1.15092605e-01 -2.99317390e-01  7.64960498e-02
 -2.65822671e-02  1.02672845e-01 -7.65106268e-03 -1.15400337e-01
  1.06824644e-01 -3.33114117e-02  5.39224297e-02 -2.02100500e-02
  1.12806134e-01 -2.51903906e-02 -1.04446076e-01  2.15972662e-02
  4.65921275e-02  9.10629407e-02 -4.60009947e-02 -3.91762406e-02
 -2.30634101e-02  5.67329116e-02 -4.38672870e-01  1.17096476e-01
 -9.67894793e-02 -2.43537962e-01  3.39712352e-01  1.76288784e-01
 -6.07970729e-02  1.02693355e-02  1.15248345e-01 -1.81579180e-02
  8.60094428e-01  6.68208580e-03 -2.37483263e-01  4.20776010e-03
 -1.11528233e-01 -1.20063595e-01 -1.30621538e-01 -9.68255475e-02
  1.65129919e-02  3.27476352e-01 -4.53210622e-02 -4.16965149e-02
 -2.33182073e-01  3.56199205e-01 -1.58036932e-01 -7.91298598e-02
  7.69996345e-02  1.96402088e-01 -9.55838487e-02 -9.29425657e-03
 -6.65844157e-02  2.69945443e-01  4.51593548e-02 -5.29602654e-02
 -6.92375284e-03  1.06851242e-01  6.20502606e-02 -4.77571785e-03
 -1.19453222e-02 -1.14876136e-01  1.37528419e-01 -2.01222825e+00
 -2.69252032e-01 -2.07136199e-02 -1.15817524e-02  2.11433116e-02
 -3.22673991e-02 -2.72447839e-02 -1.97745413e-01 -5.68146944e-01
 -7.43594766e-03 -3.64506431e-02 -1.14086464e-01 -5.60063124e-02
  3.54447961e-02 -1.27807572e-01  2.88961321e-01 -2.67116606e-01
  1.53643340e-02  6.79325089e-02  4.31522489e-01  1.47447333e-01
 -1.71193890e-02 -1.24471404e-01  1.45930439e-01 -1.70458466e-01
  6.65321946e-04 -4.08712983e-01 -8.35426152e-03  1.00830436e-01
 -1.55829594e-01 -9.68523324e-03  9.58649442e-03 -1.39311329e-01
  4.33654748e-02  5.59023283e-02  1.14973933e-01 -2.84898318e-02]
their: [-0.09550634  0.06796262 -0.09346326 -0.12853968 -0.07211749 -0.04895009
  0.06641294 -0.10454831 -0.03324206 -0.13052873 -0.11922744 -0.01537305
  0.01764822 -0.24909993  0.07923929 -0.08557354  0.03208119  0.0017582
  0.01588983  0.05487135  0.14452341  0.01214547 -0.40386194  0.15263063
 -0.11823142  0.03446323 -0.02522666 -0.06871104  0.07770433 -0.08712293
  0.06565711  0.01917475 -0.07990966 -0.12614904  0.00294729  0.11537405
  0.07630932  0.05312139 -0.09294744  0.11465026 -0.12357347 -0.13196784
  0.04660727  0.08183876 -0.04169694 -0.04690941 -0.0012822  -0.203434
 -0.02087931 -0.0010557   0.03342428 -0.13259348 -0.17521177  0.05495004
 -0.12139238  0.08952679  0.04866329 -0.29645705 -0.6322017  -0.01819043
  0.12813678  0.08755987  0.11161067  0.02511798 -0.09780808 -0.15594605
  0.00930442  0.08487038  0.06326374 -0.02302104 -0.13294975 -0.05865748
  0.06486535 -0.28554472  0.11439064 -0.03307837  0.05309732 -0.00293405
  0.1004893   0.11671045  0.01039047  0.06672692 -0.15765269 -0.06312856
 -0.01854924 -0.04349436  0.15362833 -0.04109716  0.14370579  0.1253782
  0.05500805 -0.0489363  -0.13000102 -0.22999148  0.09380221 -0.16355573
  0.10497795 -0.12655957 -0.04866011  0.03512672 -0.06012509  0.06187088
 -0.3188982   0.02284061  0.04030387 -0.14101426 -0.0739805  -0.12135417
 -0.09769161 -0.03211434 -0.09332788 -0.01071361 -0.01752774 -0.02613183
 -0.00460534 -0.04053284 -0.04882495  0.01234467  0.10274471 -0.06725588
 -0.02162413  0.04372417 -0.03505972 -0.14004157  0.08332852 -0.02626732
 -0.07083787  0.14073402]
woman: [ 1.22762986e-01 -9.97499004e-02 -1.22710332e-01 -1.40905976e-01
 -5.70710078e-02 -1.57408282e-01 -1.76286921e-01 -2.41764039e-02
 -1.31152883e-01 -5.29293604e-02 -8.12970698e-02  1.04304723e-01
  2.44574435e-03  7.25865960e-02 -1.94771826e-01 -2.09183320e-02
  3.07518290e-03 -1.23550646e-01 -1.69580817e-01 -2.88164228e-01
  1.15920261e-01  3.48793343e-02 -9.41544771e-04  7.69549847e-01
 -2.34033689e-01  3.07109598e-02  3.86285990e-01 -1.13818690e-01
 -1.01223610e-01  2.72166021e-02  1.56931564e-01 -9.33318362e-02
  5.09315394e-02  2.00206339e-02  7.97115490e-02 -6.39787495e-01
 -1.53069198e+00 -5.77459157e-01  1.09221406e-01 -7.21759275e-02
 -7.09375069e-02 -7.60522038e-02 -1.46807227e-02 -5.73262479e-03
  1.16649661e-02 -8.47105831e-02  9.24868807e-02 -3.38819355e-01
 -1.48117617e-01 -8.89717564e-02 -3.81780863e-02 -3.80079113e-02
  7.80643616e-03 -6.87921226e-01  1.74509990e-03  4.92921658e-03
 -4.48937356e-01 -5.66670783e-02 -4.47869360e-01 -6.50179088e-02
 -7.12948740e-02 -3.62481140e-02 -1.20253801e+00 -8.51231337e-01
  1.93320215e-02  9.15924907e-02  7.30463564e-02 -1.80782020e-01
  2.73217559e-01  3.64240669e-02  2.43611522e-02  1.73272014e-01
 -2.09489614e-01 -5.53381801e-01  6.86994344e-02 -5.86935639e-01
 -1.60439834e-01 -4.82764572e-01 -6.51090359e-03  5.80560707e-04
 -2.08768368e-01  2.12685019e-02 -3.52149867e-02 -1.17188573e-01
  5.41384779e-02 -1.01340070e-01 -1.26251504e-01  1.20426528e-01
 -6.26381218e-01 -1.23886935e-01  7.12086558e-02 -1.12471662e-01
 -1.01383224e-01  1.57920897e-01 -8.13522339e-02 -2.73062766e-01
  2.26603776e-01 -6.89094067e-02 -2.65285727e-02 -9.33855176e-01
 -1.08488180e-01  9.92308781e-02 -4.84336793e-01  1.62000343e-01
 -2.41321903e-02 -6.38369173e-02 -3.36899087e-02 -1.56975672e-01
  3.38594258e-01  3.05002853e-02 -3.20902020e-01 -2.50776291e-01
 -1.42420962e-01  1.14403516e-01 -1.10569477e-01  1.51326820e-01
  4.89482909e-01 -1.15557872e-01  7.45955706e-02 -7.80675113e-02
 -8.06199759e-02  5.86972117e-01 -3.42107303e-02 -5.36298007e-02
 -1.98811495e+00 -7.37268701e-02 -2.30401444e+00 -3.66483219e-02]
